31 36.700000 9.700000 21.800000 0.444000 4.500000 11.700000 0.382000 8.900000 10.500000 0.849000 0.600000 4.900000 5.500000 8.300000 2.100000 0.500000 5.400000 32.700000 30.000000 
36 35.900000 9.900000 19.600000 0.504000 1.800000 5.100000 0.363000 7.200000 7.800000 0.921000 0.500000 7.300000 7.800000 6.300000 0.900000 1.000000 3.400000 28.700000 31.000000 
31 36.900000 10.200000 20.300000 0.502000 1.000000 3.000000 0.319000 6.800000 8.500000 0.806000 3.200000 9.700000 12.900000 4.600000 1.700000 2.700000 2.200000 28.100000 36.100000 
34 34.600000 10.000000 19.300000 0.518000 2.000000 5.600000 0.356000 5.300000 7.800000 0.682000 0.900000 7.400000 8.300000 7.100000 1.300000 0.700000 3.400000 27.300000 29.600000 
27 35.000000 9.400000 19.000000 0.497000 1.800000 4.800000 0.377000 6.200000 7.200000 0.856000 1.300000 7.000000 8.400000 3.100000 1.800000 0.600000 2.100000 26.900000 28.000000 
35 35.400000 8.800000 19.600000 0.447000 3.100000 7.700000 0.398000 6.100000 6.900000 0.892000 0.800000 3.900000 4.700000 5.800000 0.900000 0.500000 2.500000 26.700000 24.600000 
32 33.900000 9.900000 17.000000 0.581000 0.300000 2.300000 0.133000 6.400000 9.200000 0.698000 2.500000 10.300000 12.800000 5.900000 1.300000 1.500000 4.300000 26.500000 33.900000 
35 33.800000 8.800000 18.200000 0.484000 1.100000 3.900000 0.285000 7.700000 9.600000 0.801000 2.300000 11.000000 13.300000 3.500000 0.500000 1.900000 3.400000 26.500000 30.900000 
33 35.400000 9.000000 20.000000 0.452000 3.400000 8.700000 0.390000 4.800000 5.700000 0.841000 1.500000 6.900000 8.400000 4.300000 2.200000 0.700000 2.900000 26.300000 27.100000 
25 36.200000 9.000000 20.200000 0.448000 2.400000 7.600000 0.323000 4.700000 5.600000 0.849000 0.600000 3.400000 4.000000 7.000000 1.100000 0.200000 4.000000 25.200000 21.700000 
31 35.900000 8.500000 18.100000 0.469000 2.300000 6.400000 0.360000 5.900000 8.100000 0.730000 1.300000 7.600000 8.900000 5.200000 0.700000 0.500000 3.800000 25.200000 24.800000 
33 34.900000 8.500000 19.800000 0.429000 3.200000 9.200000 0.352000 4.900000 5.900000 0.830000 0.400000 3.900000 4.400000 6.200000 1.400000 0.500000 2.500000 25.200000 22.700000 
29 35.000000 8.500000 18.700000 0.455000 1.700000 5.200000 0.331000 5.200000 6.000000 0.863000 0.400000 4.300000 4.700000 4.700000 1.000000 0.500000 3.900000 23.900000 20.000000 
35 36.600000 8.800000 18.500000 0.474000 2.300000 6.800000 0.339000 3.600000 4.600000 0.783000 0.900000 3.900000 4.800000 4.700000 1.100000 0.900000 2.500000 23.500000 21.700000 
35 35.000000 8.900000 18.400000 0.481000 0.200000 1.100000 0.179000 5.400000 6.400000 0.840000 0.700000 4.900000 5.700000 6.200000 0.900000 0.500000 2.400000 23.300000 23.600000 
32 32.400000 8.800000 18.200000 0.487000 2.800000 6.700000 0.411000 2.800000 3.300000 0.849000 1.300000 3.800000 5.100000 6.400000 1.600000 0.500000 2.500000 23.300000 24.400000 
34 34.500000 8.100000 15.900000 0.509000 2.100000 4.800000 0.429000 3.300000 3.700000 0.881000 0.700000 7.400000 8.200000 2.300000 0.600000 0.400000 1.900000 21.500000 22.800000 
34 34.300000 8.300000 18.100000 0.456000 1.900000 5.800000 0.337000 2.600000 3.100000 0.829000 0.900000 2.900000 3.800000 2.600000 0.900000 0.400000 1.800000 21.000000 16.600000 
35 36.700000 8.100000 16.900000 0.477000 1.700000 5.100000 0.322000 3.100000 4.100000 0.755000 1.200000 3.300000 4.400000 8.700000 1.700000 0.800000 3.700000 20.900000 23.000000 
34 33.300000 7.500000 15.500000 0.487000 1.800000 4.600000 0.387000 4.100000 4.800000 0.852000 3.000000 8.600000 11.600000 2.700000 0.900000 1.700000 3.100000 20.900000 26.000000 
36 34.800000 8.200000 18.700000 0.436000 2.500000 7.400000 0.333000 2.100000 2.600000 0.804000 0.400000 3.800000 4.200000 2.100000 1.200000 0.700000 1.800000 20.900000 16.200000 
33 33.500000 6.700000 17.100000 0.391000 2.800000 7.800000 0.354000 4.700000 5.500000 0.852000 0.500000 2.800000 3.400000 3.000000 1.000000 0.200000 2.000000 20.800000 15.200000 
32 34.500000 7.700000 17.300000 0.444000 1.600000 5.300000 0.302000 3.800000 5.500000 0.697000 0.500000 3.200000 3.600000 8.700000 1.500000 0.900000 3.800000 20.700000 20.500000 
33 34.100000 6.800000 16.300000 0.420000 2.300000 6.300000 0.359000 4.400000 5.200000 0.842000 0.500000 2.800000 3.400000 6.500000 1.200000 0.500000 1.800000 20.300000 19.900000 
32 32.400000 7.600000 18.400000 0.410000 2.000000 6.800000 0.292000 3.200000 4.100000 0.785000 0.500000 3.000000 3.500000 3.400000 1.700000 0.300000 2.800000 20.300000 14.700000 
25 34.300000 7.800000 18.600000 0.422000 1.200000 4.700000 0.248000 3.400000 5.600000 0.612000 1.400000 9.300000 10.700000 10.200000 2.700000 0.200000 4.600000 20.200000 26.600000 
32 31.200000 8.300000 16.000000 0.523000 1.200000 3.100000 0.390000 2.300000 2.800000 0.818000 2.600000 9.200000 11.800000 3.600000 1.000000 1.100000 2.100000 20.200000 27.400000 
35 31.000000 7.400000 15.800000 0.468000 3.000000 7.100000 0.426000 1.900000 2.200000 0.855000 1.200000 4.000000 5.200000 2.300000 0.500000 0.400000 2.000000 19.700000 17.400000 
29 33.500000 7.000000 14.600000 0.476000 1.400000 3.700000 0.393000 4.300000 5.100000 0.844000 1.700000 3.200000 4.900000 3.500000 2.100000 0.700000 1.400000 19.700000 21.000000 
33 31.300000 5.900000 12.800000 0.460000 2.500000 5.300000 0.466000 5.300000 5.800000 0.921000 0.900000 5.200000 6.100000 2.300000 0.700000 0.300000 1.300000 19.500000 20.200000 
34 28.200000 7.100000 13.100000 0.544000 0.600000 1.800000 0.328000 4.500000 6.400000 0.708000 2.200000 7.000000 9.300000 2.700000 0.600000 0.600000 2.500000 19.400000 22.100000 
32 32.400000 6.300000 14.600000 0.429000 2.100000 6.000000 0.354000 4.400000 5.700000 0.770000 1.100000 5.600000 6.700000 5.100000 1.100000 0.300000 3.300000 19.000000 19.300000 
35 32.100000 7.500000 15.400000 0.489000 0.100000 0.400000 0.154000 3.700000 4.500000 0.828000 3.000000 6.200000 9.100000 2.100000 0.500000 1.100000 1.800000 18.900000 21.300000 
31 29.500000 7.300000 14.900000 0.489000 1.500000 3.300000 0.455000 2.600000 3.100000 0.844000 0.600000 2.200000 2.800000 4.700000 0.700000 0.300000 1.800000 18.700000 17.300000 
35 32.600000 7.100000 14.800000 0.482000 1.800000 5.800000 0.310000 2.500000 3.300000 0.763000 0.700000 5.100000 5.800000 2.300000 0.600000 0.500000 1.800000 18.600000 17.500000 
29 30.900000 7.100000 14.200000 0.501000 1.900000 4.200000 0.439000 2.400000 3.000000 0.826000 0.800000 3.400000 4.200000 1.400000 1.000000 0.800000 1.100000 18.500000 17.200000 
32 35.100000 6.400000 15.800000 0.409000 2.600000 6.800000 0.385000 3.000000 3.500000 0.848000 0.900000 3.200000 4.000000 3.700000 1.200000 0.500000 2.000000 18.500000 16.100000 
29 32.000000 6.300000 14.800000 0.426000 2.600000 6.300000 0.418000 3.100000 3.900000 0.796000 0.800000 3.300000 4.100000 1.100000 0.700000 0.300000 1.400000 18.300000 13.900000 
36 30.800000 6.200000 14.000000 0.444000 2.800000 7.600000 0.371000 2.900000 3.300000 0.906000 0.200000 2.100000 2.400000 2.900000 0.200000 0.200000 1.400000 18.200000 14.400000 
36 29.200000 6.000000 12.700000 0.471000 2.100000 5.700000 0.373000 4.100000 5.200000 0.786000 0.500000 2.000000 2.500000 5.300000 0.600000 0.300000 2.200000 18.100000 16.800000 
35 31.900000 6.400000 13.600000 0.468000 1.200000 3.100000 0.393000 4.100000 5.700000 0.722000 0.600000 3.000000 3.600000 7.700000 1.700000 0.600000 3.100000 18.000000 19.700000 
32 30.600000 6.500000 13.500000 0.481000 1.100000 3.300000 0.318000 3.700000 4.300000 0.842000 2.600000 7.200000 9.800000 7.300000 1.500000 0.700000 3.000000 17.700000 26.300000 
32 33.400000 7.300000 14.600000 0.503000 0.100000 0.700000 0.174000 2.800000 5.500000 0.520000 5.600000 9.800000 15.400000 1.300000 1.500000 1.900000 2.500000 17.700000 25.400000 
30 24.800000 5.700000 13.600000 0.417000 1.300000 3.400000 0.369000 5.000000 5.400000 0.920000 0.500000 1.900000 2.400000 4.900000 0.600000 0.100000 2.500000 17.600000 14.700000 
36 29.100000 6.900000 16.600000 0.414000 2.400000 6.700000 0.358000 1.400000 1.800000 0.769000 0.500000 3.300000 3.800000 6.200000 1.200000 0.300000 2.900000 17.500000 15.900000 
32 31.300000 5.900000 14.300000 0.416000 2.600000 7.000000 0.369000 3.000000 3.400000 0.872000 0.400000 5.500000 5.900000 4.000000 1.200000 0.100000 2.300000 17.400000 17.500000 
32 34.300000 6.700000 15.900000 0.418000 1.400000 4.900000 0.285000 2.700000 3.100000 0.859000 0.800000 3.600000 4.500000 4.900000 0.900000 0.400000 2.400000 17.400000 16.000000 
25 30.000000 6.000000 13.400000 0.452000 2.500000 7.200000 0.348000 2.800000 3.300000 0.841000 1.600000 7.600000 9.200000 1.000000 0.800000 0.600000 1.200000 17.400000 20.000000 
34 33.700000 7.500000 11.900000 0.635000 0.000000 0.000000 0.000000 2.200000 3.800000 0.581000 5.100000 7.600000 12.600000 1.500000 0.600000 1.900000 1.700000 17.300000 26.300000 
34 26.400000 6.800000 15.000000 0.451000 1.700000 5.200000 0.335000 1.900000 2.200000 0.851000 1.100000 2.400000 3.500000 2.200000 0.600000 0.100000 1.700000 17.100000 13.400000 
30 33.200000 6.100000 15.200000 0.402000 1.700000 4.800000 0.359000 2.700000 3.600000 0.750000 0.800000 3.300000 4.100000 2.200000 1.200000 0.500000 1.800000 16.600000 12.900000 
34 31.200000 6.100000 13.400000 0.454000 1.800000 4.600000 0.382000 2.700000 3.200000 0.845000 1.100000 5.300000 6.400000 1.700000 1.100000 0.600000 1.600000 16.600000 17.100000 
32 28.000000 6.800000 12.400000 0.543000 0.800000 2.600000 0.293000 2.200000 2.600000 0.831000 2.000000 5.300000 7.300000 1.400000 0.500000 1.300000 1.700000 16.400000 19.100000 
35 31.700000 5.700000 11.200000 0.508000 2.100000 4.500000 0.468000 2.900000 3.500000 0.828000 0.500000 3.400000 3.900000 1.500000 0.900000 0.000000 1.800000 16.400000 14.800000 
35 31.000000 7.200000 12.000000 0.599000 0.000000 0.100000 0.000000 1.900000 2.500000 0.770000 2.900000 7.900000 10.900000 2.300000 0.600000 1.000000 1.900000 16.300000 23.700000 
34 34.500000 5.700000 13.000000 0.440000 1.600000 4.300000 0.377000 3.200000 4.200000 0.768000 1.100000 7.500000 8.600000 4.300000 1.400000 1.400000 2.100000 16.200000 21.700000 
32 33.600000 6.800000 11.300000 0.595000 0.000000 0.000000 0.000000 2.600000 4.700000 0.550000 4.900000 5.000000 9.900000 1.600000 1.400000 0.800000 1.600000 16.100000 21.500000 
32 29.300000 6.100000 14.400000 0.422000 1.300000 4.100000 0.328000 2.500000 2.900000 0.851000 0.500000 3.400000 3.900000 4.600000 1.000000 0.200000 2.800000 16.000000 14.000000 
35 33.300000 6.500000 11.200000 0.578000 0.000000 0.000000 0.000000 3.000000 5.100000 0.593000 2.200000 7.200000 9.400000 8.100000 1.400000 0.800000 3.400000 15.900000 25.400000 
34 29.900000 6.000000 11.900000 0.500000 1.600000 4.600000 0.344000 2.100000 2.900000 0.735000 1.100000 3.300000 4.400000 5.600000 1.300000 0.400000 2.100000 15.600000 18.500000 
26 33.200000 5.300000 12.700000 0.415000 2.000000 5.800000 0.353000 3.000000 3.700000 0.813000 0.600000 3.400000 4.000000 8.000000 2.100000 0.300000 3.000000 15.600000 18.900000 
34 25.300000 6.000000 9.400000 0.636000 0.000000 0.100000 0.333000 3.500000 5.600000 0.615000 2.400000 4.200000 6.700000 1.600000 0.800000 1.600000 1.300000 15.500000 19.300000 
31 33.400000 5.500000 14.600000 0.373000 2.600000 8.600000 0.301000 2.000000 2.500000 0.785000 0.400000 2.000000 2.500000 2.100000 0.500000 0.500000 1.500000 15.500000 9.800000 
32 30.400000 5.800000 13.800000 0.424000 2.100000 6.400000 0.332000 1.700000 2.200000 0.757000 0.500000 2.700000 3.200000 3.800000 0.900000 0.200000 2.100000 15.500000 12.900000 
33 29.200000 5.400000 14.100000 0.382000 1.300000 5.100000 0.254000 3.400000 4.300000 0.782000 0.600000 2.200000 2.800000 7.200000 0.800000 0.300000 3.900000 15.500000 13.000000 
33 29.500000 5.500000 12.500000 0.445000 1.400000 4.000000 0.356000 2.900000 3.300000 0.864000 0.800000 4.900000 5.700000 2.000000 1.200000 0.300000 0.800000 15.400000 16.300000 
32 28.500000 5.000000 12.600000 0.400000 2.000000 5.800000 0.342000 3.300000 3.800000 0.862000 0.700000 2.000000 2.600000 4.400000 0.700000 0.100000 2.000000 15.400000 13.200000 
31 33.000000 5.900000 13.000000 0.450000 1.600000 4.300000 0.381000 1.900000 2.800000 0.682000 1.800000 5.600000 7.500000 3.100000 0.900000 0.800000 1.800000 15.300000 17.700000 
29 30.100000 6.100000 13.300000 0.455000 0.900000 3.200000 0.293000 2.200000 3.000000 0.724000 1.200000 5.700000 6.900000 2.300000 0.600000 0.300000 2.600000 15.200000 14.700000 
31 29.600000 5.900000 11.600000 0.507000 1.700000 3.900000 0.443000 1.700000 1.700000 0.981000 1.000000 3.600000 4.700000 3.400000 0.600000 0.200000 1.800000 15.200000 16.500000 
31 27.300000 5.500000 10.900000 0.499000 2.200000 5.100000 0.437000 2.100000 2.300000 0.889000 0.800000 5.400000 6.300000 1.500000 0.600000 0.200000 1.500000 15.200000 16.600000 
35 29.800000 6.000000 14.000000 0.429000 0.700000 1.900000 0.373000 2.100000 2.400000 0.882000 0.700000 2.400000 3.100000 2.600000 0.500000 0.100000 2.200000 14.900000 10.700000 
36 31.200000 5.600000 8.600000 0.648000 0.000000 0.000000 0.000000 3.600000 5.700000 0.629000 3.600000 8.800000 12.400000 2.000000 0.900000 2.100000 1.500000 14.800000 25.400000 
36 26.900000 6.000000 10.900000 0.551000 0.200000 0.500000 0.353000 2.500000 3.000000 0.843000 3.900000 6.900000 10.800000 1.900000 0.400000 0.400000 1.900000 14.700000 21.000000 
35 30.600000 5.800000 9.900000 0.586000 0.700000 2.100000 0.333000 2.300000 3.000000 0.779000 1.400000 5.000000 6.400000 2.700000 1.100000 0.700000 1.700000 14.700000 19.100000 
30 34.100000 5.000000 11.500000 0.433000 2.100000 6.600000 0.325000 2.400000 2.800000 0.845000 0.500000 4.000000 4.500000 9.800000 1.400000 0.500000 2.700000 14.400000 20.900000 
33 24.700000 5.700000 9.100000 0.627000 0.200000 0.200000 0.833000 2.800000 3.800000 0.742000 2.600000 7.000000 9.600000 2.900000 0.600000 0.600000 2.500000 14.300000 21.200000 
35 26.800000 5.400000 11.100000 0.486000 0.100000 0.700000 0.130000 3.500000 4.600000 0.747000 3.600000 6.600000 10.200000 2.700000 1.000000 1.300000 2.200000 14.300000 20.500000 
29 26.000000 5.400000 11.700000 0.462000 1.100000 3.500000 0.317000 2.400000 3.300000 0.737000 0.600000 2.400000 3.000000 3.700000 0.800000 0.400000 1.900000 14.300000 13.100000 
29 31.000000 4.800000 11.400000 0.418000 2.400000 6.100000 0.398000 2.300000 3.000000 0.791000 0.600000 1.900000 2.400000 2.400000 0.900000 0.200000 1.300000 14.300000 11.600000 
25 25.400000 5.100000 12.700000 0.404000 1.400000 4.300000 0.333000 2.400000 3.400000 0.702000 1.000000 2.600000 3.500000 3.800000 0.600000 0.500000 2.200000 14.000000 11.600000 
33 27.500000 5.000000 11.300000 0.445000 1.500000 4.700000 0.329000 2.400000 3.100000 0.767000 0.600000 3.300000 3.900000 2.600000 1.700000 1.000000 2.100000 14.000000 14.200000 
35 28.500000 6.100000 11.200000 0.545000 0.000000 0.000000 1.000000 1.800000 3.400000 0.525000 2.200000 6.300000 8.500000 2.500000 1.200000 0.600000 1.300000 14.000000 18.800000 
31 27.000000 5.500000 10.500000 0.525000 1.200000 2.600000 0.451000 1.700000 2.100000 0.844000 1.000000 5.800000 6.800000 2.400000 0.800000 0.600000 1.500000 14.000000 17.700000 
33 30.200000 4.900000 9.700000 0.509000 2.500000 5.200000 0.477000 1.300000 1.600000 0.827000 0.700000 2.800000 3.600000 2.500000 0.600000 0.200000 1.400000 13.700000 14.000000 
25 26.800000 4.900000 9.900000 0.498000 0.900000 2.200000 0.400000 2.900000 4.000000 0.727000 2.100000 4.900000 7.000000 2.000000 1.400000 1.100000 1.600000 13.600000 17.300000 
33 26.000000 5.000000 11.500000 0.436000 2.100000 5.400000 0.391000 1.200000 1.500000 0.820000 0.200000 2.500000 2.800000 1.500000 0.900000 0.400000 1.100000 13.400000 11.200000 
28 26.600000 5.600000 10.900000 0.518000 0.100000 0.500000 0.154000 1.900000 4.400000 0.434000 4.000000 9.100000 13.100000 0.900000 0.600000 2.600000 1.700000 13.300000 21.200000 
34 25.500000 5.000000 9.800000 0.512000 0.800000 2.400000 0.341000 2.300000 3.000000 0.765000 1.200000 3.500000 4.700000 1.300000 0.900000 1.800000 1.600000 13.100000 14.700000 
33 26.500000 4.500000 10.500000 0.431000 1.500000 4.600000 0.331000 2.500000 3.100000 0.812000 0.800000 3.600000 4.400000 0.800000 0.900000 0.700000 1.100000 13.100000 12.200000 
32 29.800000 5.400000 11.100000 0.485000 1.400000 3.500000 0.405000 0.900000 1.300000 0.707000 0.800000 1.600000 2.400000 2.200000 0.800000 0.200000 1.100000 13.100000 11.400000 
32 28.200000 4.700000 10.600000 0.444000 1.300000 3.400000 0.367000 2.300000 2.500000 0.889000 0.400000 2.100000 2.400000 2.100000 0.800000 0.100000 0.800000 12.900000 11.300000 
30 18.800000 5.000000 8.600000 0.575000 0.300000 1.000000 0.300000 2.600000 3.100000 0.819000 1.800000 5.400000 7.200000 1.000000 0.400000 0.800000 1.300000 12.800000 16.600000 
34 28.100000 5.300000 10.700000 0.493000 0.600000 1.800000 0.361000 1.600000 2.200000 0.716000 1.500000 5.900000 7.400000 1.700000 0.400000 2.800000 1.700000 12.700000 17.400000 
26 23.100000 4.800000 9.000000 0.536000 0.300000 1.000000 0.346000 2.700000 4.000000 0.683000 2.400000 3.700000 6.100000 0.900000 0.400000 1.000000 1.700000 12.700000 14.100000 
36 29.900000 4.400000 11.300000 0.393000 1.400000 4.200000 0.338000 2.400000 2.900000 0.845000 0.400000 3.300000 3.700000 6.300000 1.400000 0.200000 3.100000 12.700000 13.900000 
32 33.900000 4.300000 10.000000 0.425000 2.300000 6.200000 0.377000 1.800000 2.400000 0.763000 0.700000 4.900000 5.600000 1.200000 2.100000 1.300000 1.300000 12.700000 15.300000 
33 30.800000 4.700000 8.900000 0.527000 1.200000 3.100000 0.373000 1.800000 2.800000 0.649000 1.000000 3.800000 4.800000 1.000000 0.700000 1.300000 0.900000 12.400000 14.100000 
35 26.900000 4.600000 9.900000 0.465000 2.000000 4.800000 0.420000 0.900000 1.100000 0.842000 0.200000 2.300000 2.500000 2.300000 0.600000 0.100000 1.200000 12.100000 10.900000 
36 31.300000 4.500000 10.000000 0.447000 2.200000 5.600000 0.386000 1.000000 1.600000 0.610000 0.300000 3.600000 3.900000 4.700000 1.600000 0.200000 2.100000 12.100000 14.200000 
35 29.800000 5.200000 10.200000 0.513000 0.400000 1.400000 0.265000 1.300000 2.100000 0.611000 2.200000 3.700000 5.900000 1.600000 1.500000 0.500000 1.100000 12.100000 14.700000 
25 29.400000 5.000000 10.200000 0.492000 1.200000 3.500000 0.330000 0.900000 1.300000 0.697000 1.600000 4.800000 6.400000 3.600000 0.800000 1.600000 1.500000 12.100000 17.200000 
29 25.300000 4.300000 11.400000 0.376000 1.600000 4.600000 0.351000 1.800000 2.700000 0.667000 0.900000 3.300000 4.200000 0.900000 0.500000 0.300000 1.200000 12.000000 8.700000 
27 30.300000 5.200000 9.500000 0.551000 0.000000 0.000000 0.000000 1.500000 2.500000 0.612000 5.000000 6.600000 11.600000 2.100000 0.800000 0.400000 1.500000 12.000000 20.200000 
36 27.300000 3.900000 9.500000 0.414000 2.100000 6.100000 0.338000 2.000000 2.800000 0.727000 0.700000 4.000000 4.700000 1.600000 0.700000 0.400000 1.000000 11.900000 12.000000 
35 34.900000 4.100000 10.600000 0.386000 2.700000 7.300000 0.365000 1.100000 1.200000 0.902000 0.500000 4.100000 4.600000 2.300000 1.700000 0.600000 1.300000 11.900000 13.200000 
34 27.600000 4.200000 9.800000 0.425000 2.400000 6.700000 0.355000 1.100000 1.400000 0.826000 0.400000 3.600000 4.100000 1.100000 0.500000 1.900000 1.000000 11.900000 12.600000 
29 23.500000 5.200000 8.400000 0.626000 0.000000 0.100000 0.250000 1.300000 2.000000 0.667000 2.500000 4.100000 6.700000 0.800000 0.800000 2.600000 1.600000 11.800000 17.200000 
34 27.100000 4.600000 7.700000 0.594000 0.100000 0.700000 0.167000 2.600000 3.600000 0.727000 2.600000 5.600000 8.200000 1.600000 0.500000 1.400000 1.300000 11.800000 18.100000 
30 20.100000 4.600000 10.500000 0.439000 1.000000 3.200000 0.320000 1.500000 2.100000 0.730000 0.300000 2.200000 2.500000 5.600000 0.600000 0.000000 1.800000 11.800000 12.300000 
26 25.500000 4.100000 9.200000 0.446000 1.700000 4.400000 0.395000 1.800000 2.500000 0.708000 0.400000 2.500000 3.000000 2.300000 0.800000 0.500000 1.500000 11.700000 11.100000 
25 29.500000 4.600000 9.500000 0.487000 1.400000 3.800000 0.368000 1.000000 1.300000 0.781000 1.000000 4.700000 5.600000 2.000000 1.500000 0.600000 0.900000 11.700000 15.400000 
29 26.600000 4.400000 10.700000 0.416000 1.000000 3.800000 0.270000 1.700000 2.600000 0.645000 1.100000 3.000000 4.100000 1.400000 0.800000 0.600000 1.400000 11.600000 10.000000 
24 30.100000 4.000000 9.400000 0.420000 2.300000 5.800000 0.393000 1.400000 1.500000 0.892000 0.300000 2.000000 2.300000 2.300000 0.600000 0.100000 1.100000 11.600000 10.200000 
34 26.000000 4.200000 9.600000 0.436000 1.400000 4.200000 0.333000 1.700000 2.100000 0.781000 1.200000 3.900000 5.100000 1.800000 0.700000 0.600000 1.400000 11.500000 12.400000 
33 31.900000 4.100000 10.600000 0.386000 1.400000 4.600000 0.296000 1.800000 2.300000 0.792000 0.600000 4.500000 5.000000 2.200000 0.600000 0.200000 1.600000 11.400000 10.800000 
33 31.500000 4.200000 6.600000 0.635000 0.000000 0.000000 0.000000 3.000000 4.200000 0.710000 3.100000 11.100000 14.200000 2.200000 0.700000 0.900000 2.200000 11.400000 23.500000 
28 28.300000 4.200000 10.100000 0.415000 1.400000 3.600000 0.390000 1.400000 2.100000 0.667000 1.000000 4.000000 5.000000 3.600000 1.000000 0.300000 2.100000 11.200000 12.400000 
35 24.600000 4.200000 8.300000 0.510000 1.600000 3.600000 0.448000 1.100000 1.400000 0.776000 1.500000 4.400000 5.900000 1.900000 0.800000 0.900000 1.400000 11.100000 14.900000 
33 26.400000 3.900000 9.100000 0.435000 1.500000 4.400000 0.336000 1.700000 1.900000 0.905000 1.500000 4.700000 6.200000 1.800000 0.500000 0.200000 1.400000 11.100000 12.900000 
29 22.900000 3.800000 8.200000 0.456000 0.700000 1.700000 0.380000 2.800000 3.500000 0.804000 0.600000 2.500000 3.000000 1.900000 0.400000 0.400000 1.800000 11.000000 9.700000 
33 25.800000 3.900000 7.800000 0.500000 1.200000 3.200000 0.368000 2.000000 2.200000 0.905000 1.200000 3.500000 4.700000 1.300000 0.600000 0.500000 1.200000 11.000000 12.700000 
35 22.900000 4.400000 7.300000 0.598000 0.300000 0.900000 0.273000 1.900000 3.000000 0.623000 2.800000 4.100000 7.000000 1.000000 0.700000 1.200000 1.300000 10.900000 15.500000 
29 18.500000 3.600000 7.200000 0.505000 1.000000 2.700000 0.380000 2.600000 3.100000 0.833000 0.200000 2.100000 2.300000 3.200000 0.800000 0.100000 1.900000 10.900000 11.300000 
33 27.900000 3.500000 7.900000 0.450000 1.600000 3.800000 0.425000 2.100000 2.400000 0.886000 0.500000 1.700000 2.200000 4.800000 0.500000 0.000000 1.400000 10.800000 12.300000 
34 31.900000 3.800000 8.100000 0.462000 1.700000 4.300000 0.388000 1.500000 1.900000 0.797000 0.400000 2.900000 3.200000 1.400000 1.100000 0.500000 1.100000 10.700000 11.000000 
30 19.300000 3.600000 9.400000 0.388000 1.700000 5.100000 0.333000 1.600000 1.800000 0.891000 0.300000 1.500000 1.800000 1.900000 0.600000 0.300000 1.300000 10.600000 7.900000 
32 30.100000 4.000000 9.200000 0.431000 1.600000 4.100000 0.392000 1.100000 1.400000 0.773000 1.000000 3.400000 4.400000 2.500000 0.800000 0.100000 1.300000 10.600000 11.500000 
34 27.400000 4.100000 8.300000 0.491000 0.600000 1.500000 0.373000 1.900000 2.400000 0.802000 0.800000 2.200000 3.000000 2.900000 1.000000 0.600000 1.700000 10.600000 11.600000 
31 34.800000 3.600000 9.500000 0.375000 2.000000 5.800000 0.350000 1.400000 1.600000 0.843000 0.600000 5.000000 5.600000 3.400000 1.700000 0.300000 1.600000 10.600000 13.800000 
30 26.700000 3.600000 9.000000 0.400000 1.200000 3.800000 0.327000 2.100000 2.400000 0.887000 0.900000 4.200000 5.100000 3.400000 1.100000 0.300000 1.300000 10.500000 13.300000 
33 25.300000 4.300000 7.900000 0.540000 0.300000 0.800000 0.423000 1.600000 2.300000 0.688000 2.800000 4.000000 6.800000 1.400000 0.900000 0.500000 0.900000 10.500000 14.800000 
31 21.300000 3.700000 9.800000 0.375000 1.300000 3.500000 0.373000 1.800000 2.300000 0.778000 0.600000 2.300000 2.900000 2.500000 1.200000 0.300000 2.000000 10.500000 8.700000 
32 24.800000 3.800000 9.300000 0.411000 0.300000 0.900000 0.267000 2.600000 3.900000 0.659000 1.400000 4.600000 6.100000 2.000000 0.900000 0.500000 1.300000 10.500000 11.800000 
32 25.000000 4.300000 8.800000 0.484000 1.200000 2.600000 0.458000 0.700000 0.900000 0.793000 0.300000 2.300000 2.600000 4.100000 1.100000 0.100000 0.700000 10.400000 12.800000 
31 27.700000 3.500000 7.200000 0.482000 1.700000 4.000000 0.435000 1.700000 2.200000 0.783000 1.600000 4.100000 5.800000 1.000000 0.500000 0.500000 0.700000 10.400000 13.200000 
35 24.600000 4.100000 8.600000 0.477000 0.100000 0.700000 0.192000 2.000000 2.600000 0.772000 1.900000 4.800000 6.700000 1.900000 0.500000 1.500000 1.500000 10.300000 14.300000 
27 25.700000 4.100000 9.100000 0.451000 1.400000 3.900000 0.365000 0.600000 0.900000 0.680000 0.800000 3.100000 3.900000 1.000000 0.900000 0.100000 0.800000 10.300000 10.100000 
31 26.000000 3.700000 9.000000 0.416000 1.600000 4.400000 0.368000 1.100000 1.400000 0.786000 0.400000 2.000000 2.400000 4.400000 1.000000 0.200000 1.300000 10.200000 11.300000 
34 21.900000 3.500000 8.800000 0.397000 1.900000 5.000000 0.373000 1.100000 1.300000 0.867000 0.200000 1.900000 2.200000 1.900000 0.500000 0.100000 0.700000 10.000000 8.600000 
35 29.800000 3.600000 8.200000 0.444000 2.300000 5.500000 0.415000 0.400000 0.400000 0.933000 1.000000 3.200000 4.200000 1.300000 0.900000 0.800000 1.100000 9.900000 11.400000 
32 20.400000 3.700000 8.700000 0.419000 0.800000 3.400000 0.250000 1.700000 2.500000 0.696000 0.700000 3.800000 4.500000 1.400000 0.600000 0.500000 1.400000 9.900000 9.600000 
30 19.700000 3.700000 7.600000 0.487000 0.600000 1.800000 0.340000 1.800000 2.600000 0.684000 1.900000 3.300000 5.300000 1.000000 0.300000 0.900000 1.600000 9.800000 11.000000 
32 20.800000 3.000000 6.800000 0.438000 1.500000 4.400000 0.333000 2.300000 2.800000 0.800000 1.000000 3.400000 4.400000 2.000000 0.800000 0.400000 1.300000 9.700000 11.500000 
28 25.900000 3.400000 7.900000 0.430000 2.000000 4.900000 0.406000 0.900000 1.100000 0.867000 0.400000 2.600000 3.100000 1.800000 1.300000 0.400000 0.900000 9.700000 10.700000 
31 24.700000 3.400000 8.300000 0.406000 1.800000 5.300000 0.350000 1.100000 1.400000 0.791000 0.700000 2.000000 2.600000 1.200000 0.400000 0.100000 0.500000 9.600000 8.400000 
30 19.200000 3.800000 8.600000 0.440000 0.300000 0.900000 0.286000 1.800000 2.600000 0.688000 0.200000 1.400000 1.600000 4.100000 0.500000 0.100000 1.300000 9.600000 9.000000 
32 26.800000 3.500000 8.100000 0.429000 1.900000 4.900000 0.380000 0.800000 1.200000 0.684000 0.800000 4.800000 5.600000 1.000000 0.800000 0.800000 0.500000 9.600000 12.300000 
28 26.100000 3.000000 8.900000 0.343000 2.300000 6.000000 0.387000 1.100000 1.400000 0.789000 0.500000 3.000000 3.500000 1.100000 0.600000 0.300000 1.100000 9.500000 7.600000 
32 21.500000 3.200000 8.500000 0.371000 1.100000 3.100000 0.347000 2.000000 2.500000 0.800000 0.300000 3.000000 3.300000 1.800000 0.600000 0.400000 1.100000 9.400000 8.600000 
35 29.100000 3.700000 9.000000 0.405000 1.500000 4.500000 0.321000 0.400000 0.800000 0.517000 1.000000 4.200000 5.200000 4.900000 1.500000 0.400000 2.100000 9.200000 13.400000 
27 24.000000 3.400000 7.300000 0.470000 0.900000 2.600000 0.333000 1.400000 1.700000 0.844000 1.400000 6.000000 7.400000 1.300000 1.100000 1.000000 1.300000 9.100000 14.500000 
32 24.400000 3.700000 6.400000 0.571000 0.100000 0.400000 0.308000 1.700000 2.000000 0.841000 2.100000 3.900000 6.000000 2.000000 0.700000 0.700000 1.200000 9.100000 14.300000 
35 30.100000 3.100000 7.300000 0.420000 1.400000 4.000000 0.345000 1.600000 2.000000 0.812000 1.400000 6.600000 8.000000 0.800000 1.000000 0.300000 0.900000 9.100000 13.700000 
35 25.700000 3.200000 7.400000 0.432000 1.700000 4.500000 0.384000 0.900000 1.300000 0.674000 0.500000 2.600000 3.100000 1.100000 1.000000 0.700000 0.800000 9.000000 9.500000 
33 30.600000 3.500000 7.500000 0.458000 1.300000 3.400000 0.393000 0.800000 0.900000 0.806000 0.900000 4.100000 5.000000 3.400000 0.800000 0.400000 1.600000 9.000000 12.700000 
28 22.100000 3.400000 8.600000 0.398000 1.300000 4.500000 0.286000 0.800000 1.000000 0.793000 0.800000 3.300000 4.000000 1.300000 1.000000 0.300000 1.500000 9.000000 8.600000 
35 21.700000 3.500000 8.900000 0.388000 0.700000 2.300000 0.288000 1.400000 2.200000 0.623000 0.700000 3.200000 3.900000 2.200000 1.000000 0.500000 2.300000 8.900000 8.000000 
35 27.900000 3.300000 7.700000 0.433000 0.900000 2.500000 0.356000 1.400000 1.900000 0.754000 0.500000 2.400000 2.900000 5.500000 1.400000 0.200000 1.500000 8.900000 12.600000 
35 24.200000 3.100000 7.300000 0.418000 1.600000 4.200000 0.385000 1.200000 1.400000 0.837000 0.300000 2.200000 2.500000 2.800000 0.600000 0.200000 1.100000 8.900000 9.400000 
33 25.700000 3.500000 6.600000 0.530000 0.400000 1.000000 0.382000 1.500000 2.100000 0.706000 2.300000 5.300000 7.500000 3.100000 1.400000 0.700000 1.300000 8.900000 16.600000 
35 22.200000 2.900000 6.900000 0.421000 1.400000 4.000000 0.353000 1.600000 1.800000 0.891000 0.500000 2.000000 2.500000 0.900000 0.800000 0.100000 0.500000 8.900000 8.400000 
28 15.900000 3.400000 8.000000 0.420000 1.000000 2.100000 0.450000 1.100000 1.600000 0.682000 0.200000 1.700000 1.900000 0.500000 0.300000 0.200000 0.800000 8.800000 5.700000 
29 16.400000 3.000000 5.300000 0.571000 0.300000 1.600000 0.170000 2.300000 3.000000 0.773000 1.200000 2.800000 4.000000 1.000000 0.500000 0.600000 0.900000 8.700000 10.800000 
36 27.000000 3.000000 6.400000 0.472000 0.800000 2.100000 0.392000 1.700000 2.300000 0.726000 1.900000 6.700000 8.600000 2.200000 0.700000 1.000000 1.400000 8.600000 15.600000 
32 20.000000 3.300000 7.400000 0.451000 1.400000 3.800000 0.377000 0.400000 0.500000 0.867000 0.400000 2.100000 2.600000 1.100000 0.600000 0.100000 0.500000 8.500000 8.200000 
34 22.900000 3.100000 8.100000 0.377000 1.400000 3.900000 0.351000 0.900000 1.200000 0.762000 0.500000 3.600000 4.100000 2.600000 0.800000 0.300000 0.800000 8.400000 10.000000 
34 24.400000 3.000000 7.200000 0.419000 1.000000 2.500000 0.400000 1.200000 1.700000 0.702000 0.300000 1.600000 2.000000 3.100000 1.000000 0.100000 1.200000 8.200000 8.400000 
26 19.400000 3.200000 6.500000 0.485000 0.200000 0.600000 0.375000 1.700000 2.100000 0.782000 2.000000 3.200000 5.200000 1.100000 0.500000 1.100000 0.800000 8.200000 11.300000 
34 35.000000 2.900000 6.800000 0.430000 2.000000 4.800000 0.409000 0.400000 0.700000 0.565000 1.500000 5.000000 6.500000 1.000000 1.100000 0.300000 0.900000 8.200000 12.100000 
27 23.900000 2.900000 6.700000 0.423000 0.600000 2.300000 0.270000 1.700000 2.100000 0.825000 1.100000 4.000000 5.100000 0.900000 0.800000 1.100000 1.100000 8.100000 10.600000 
33 22.700000 3.100000 7.300000 0.417000 0.800000 2.400000 0.333000 1.100000 1.800000 0.600000 0.500000 3.600000 4.100000 2.700000 1.200000 0.600000 1.600000 8.000000 10.000000 
33 25.500000 2.900000 6.300000 0.459000 1.200000 3.200000 0.362000 1.100000 1.600000 0.667000 1.600000 2.600000 4.200000 0.700000 1.000000 0.500000 0.800000 8.000000 9.700000 
36 20.300000 2.700000 6.200000 0.437000 1.800000 4.400000 0.403000 0.800000 1.000000 0.811000 0.300000 1.200000 1.400000 0.900000 0.400000 0.100000 0.500000 8.000000 6.800000 
29 23.200000 2.400000 6.300000 0.377000 1.600000 4.700000 0.338000 1.600000 2.000000 0.825000 1.100000 3.400000 4.500000 1.400000 0.300000 0.600000 0.900000 8.000000 9.700000 
34 25.100000 3.400000 7.400000 0.458000 0.100000 0.900000 0.129000 1.000000 1.500000 0.680000 0.600000 4.300000 4.900000 4.000000 0.600000 0.400000 1.900000 7.900000 11.400000 
30 20.800000 3.200000 7.300000 0.445000 1.200000 3.700000 0.324000 0.200000 0.800000 0.292000 0.800000 2.300000 3.100000 0.600000 0.700000 0.300000 0.700000 7.900000 7.200000 
36 20.600000 2.800000 5.800000 0.478000 1.200000 3.300000 0.368000 1.000000 1.200000 0.818000 1.300000 3.900000 5.200000 1.800000 0.400000 0.300000 0.900000 7.800000 11.300000 
31 18.000000 2.600000 5.100000 0.506000 1.900000 3.700000 0.500000 0.700000 0.800000 0.917000 0.400000 2.600000 3.000000 1.000000 0.400000 0.400000 0.500000 7.700000 9.500000 
30 16.900000 2.600000 5.900000 0.446000 1.700000 4.200000 0.416000 0.700000 0.900000 0.786000 0.100000 1.700000 1.800000 1.000000 0.300000 0.200000 0.800000 7.700000 6.700000 
25 13.100000 2.800000 5.100000 0.543000 0.500000 1.000000 0.500000 1.700000 2.400000 0.729000 2.100000 2.800000 4.900000 0.900000 0.300000 0.400000 0.900000 7.700000 10.400000 
28 29.400000 3.200000 8.100000 0.390000 0.900000 3.100000 0.299000 0.400000 0.500000 0.800000 0.600000 1.800000 2.400000 1.900000 0.600000 0.400000 1.400000 7.700000 6.500000 
31 15.800000 3.000000 6.500000 0.465000 1.200000 2.800000 0.425000 0.400000 0.500000 0.765000 0.300000 2.000000 2.300000 1.700000 0.400000 0.100000 0.800000 7.700000 7.700000 
30 18.600000 2.700000 6.700000 0.401000 1.800000 5.300000 0.344000 0.400000 0.500000 0.813000 0.500000 2.000000 2.500000 0.400000 0.300000 0.200000 0.700000 7.700000 6.300000 
26 11.200000 2.700000 4.300000 0.625000 0.000000 0.000000 0.000000 2.300000 2.900000 0.787000 1.700000 2.900000 4.600000 0.600000 0.300000 0.600000 1.000000 7.700000 10.500000 
30 21.400000 2.700000 7.100000 0.383000 0.500000 2.100000 0.242000 1.600000 1.900000 0.828000 0.500000 1.800000 2.300000 2.000000 0.500000 0.400000 1.400000 7.600000 6.600000 
34 14.700000 3.000000 6.600000 0.453000 1.100000 2.700000 0.396000 0.600000 0.700000 0.760000 0.500000 2.600000 3.000000 1.800000 0.700000 0.100000 1.200000 7.600000 8.200000 
35 25.500000 2.700000 6.500000 0.415000 1.200000 3.500000 0.333000 0.900000 1.100000 0.842000 0.600000 2.100000 2.700000 1.400000 1.400000 0.400000 0.700000 7.500000 8.700000 
35 25.700000 3.200000 6.900000 0.457000 0.900000 2.300000 0.380000 0.300000 0.500000 0.556000 0.400000 3.300000 3.700000 3.800000 1.300000 0.200000 1.200000 7.500000 11.300000 
34 15.600000 3.100000 4.800000 0.660000 0.000000 0.000000 0.000000 1.200000 1.800000 0.667000 1.700000 2.900000 4.600000 0.600000 0.600000 1.100000 0.900000 7.500000 11.200000 
24 19.900000 2.700000 6.200000 0.430000 1.000000 2.700000 0.359000 1.200000 1.300000 0.875000 1.600000 3.900000 5.500000 1.200000 0.500000 0.300000 0.900000 7.500000 10.300000 
33 20.800000 2.700000 5.200000 0.520000 0.000000 0.200000 0.200000 1.900000 2.800000 0.703000 2.100000 4.800000 7.000000 1.900000 0.700000 0.900000 1.300000 7.400000 13.200000 
31 24.100000 2.700000 6.700000 0.399000 1.200000 3.700000 0.322000 0.900000 1.600000 0.540000 0.400000 2.100000 2.500000 2.000000 0.600000 0.300000 1.200000 7.400000 6.800000 
25 15.500000 3.000000 4.500000 0.664000 0.200000 0.900000 0.273000 1.200000 1.400000 0.829000 1.100000 3.300000 4.400000 0.800000 0.300000 0.600000 0.600000 7.400000 11.200000 
33 29.400000 3.200000 6.100000 0.522000 0.200000 0.700000 0.261000 0.800000 1.300000 0.636000 1.100000 5.000000 6.100000 2.900000 1.300000 0.800000 1.200000 7.400000 13.900000 
32 24.000000 2.700000 6.400000 0.417000 1.400000 3.600000 0.395000 0.600000 0.800000 0.792000 0.800000 2.200000 3.000000 2.200000 0.800000 0.400000 1.300000 7.400000 8.500000 
35 19.100000 2.700000 5.600000 0.487000 0.500000 1.800000 0.306000 1.400000 1.700000 0.845000 1.400000 2.900000 4.300000 0.900000 0.300000 0.900000 1.200000 7.400000 9.400000 
34 25.900000 2.300000 6.100000 0.380000 1.200000 3.700000 0.328000 1.500000 1.900000 0.769000 0.800000 2.000000 2.900000 4.100000 1.800000 0.400000 1.400000 7.300000 10.900000 
32 20.200000 2.800000 6.000000 0.466000 0.900000 2.600000 0.354000 0.800000 1.100000 0.750000 0.600000 3.300000 3.800000 1.000000 0.600000 0.800000 0.700000 7.300000 9.400000 
32 19.600000 3.000000 5.300000 0.577000 0.000000 0.100000 0.333000 1.200000 2.500000 0.457000 2.100000 3.600000 5.700000 2.200000 1.100000 0.900000 1.500000 7.300000 12.100000 
30 17.800000 2.600000 6.300000 0.411000 1.500000 4.000000 0.364000 0.600000 0.700000 0.773000 0.400000 2.300000 2.700000 1.100000 0.600000 0.400000 0.600000 7.200000 7.500000 
35 16.100000 2.500000 5.800000 0.424000 0.500000 1.600000 0.309000 1.800000 2.300000 0.778000 0.400000 1.300000 1.600000 2.300000 0.400000 0.100000 1.200000 7.200000 6.600000 
31 17.600000 2.800000 7.300000 0.383000 0.800000 2.600000 0.293000 0.800000 1.200000 0.632000 0.300000 2.800000 3.200000 1.000000 0.700000 0.100000 1.100000 7.200000 6.000000 
24 15.800000 2.800000 5.100000 0.541000 0.500000 1.300000 0.406000 1.000000 1.500000 0.694000 1.500000 2.300000 3.900000 1.000000 0.300000 0.500000 0.800000 7.100000 9.200000 
35 17.700000 2.500000 5.100000 0.486000 1.200000 3.000000 0.410000 0.900000 1.000000 0.857000 0.200000 1.100000 1.300000 0.800000 0.300000 0.100000 0.500000 7.000000 6.300000 
34 28.400000 2.400000 5.300000 0.453000 1.400000 3.600000 0.402000 0.700000 0.900000 0.833000 0.300000 2.400000 2.700000 3.900000 1.100000 0.000000 0.900000 7.000000 10.600000 
34 21.000000 2.500000 5.700000 0.443000 1.100000 3.000000 0.353000 0.800000 1.000000 0.788000 0.500000 2.300000 2.800000 1.300000 0.400000 0.200000 0.400000 6.900000 7.800000 
34 24.500000 2.200000 6.100000 0.364000 1.200000 3.500000 0.339000 1.200000 1.600000 0.792000 0.700000 3.100000 3.800000 3.500000 0.700000 0.300000 1.100000 6.800000 9.900000 
31 22.800000 2.300000 5.700000 0.401000 1.700000 4.500000 0.371000 0.500000 0.600000 0.850000 0.200000 1.300000 1.500000 1.700000 0.700000 0.300000 0.800000 6.800000 6.600000 
30 17.600000 2.300000 6.500000 0.352000 0.800000 2.800000 0.282000 1.400000 1.700000 0.840000 0.200000 1.000000 1.200000 3.300000 0.400000 0.200000 1.500000 6.800000 5.900000 
28 13.700000 2.700000 6.000000 0.452000 0.500000 1.900000 0.278000 0.800000 1.200000 0.697000 0.400000 1.200000 1.600000 0.900000 0.300000 0.100000 0.700000 6.800000 5.400000 
26 19.300000 2.400000 6.200000 0.383000 0.700000 2.500000 0.273000 1.200000 1.700000 0.711000 0.700000 2.300000 3.000000 1.000000 0.800000 0.400000 0.800000 6.700000 6.700000 
34 17.800000 2.300000 5.100000 0.448000 1.200000 3.200000 0.389000 0.800000 0.900000 0.897000 0.400000 1.700000 2.100000 0.800000 0.400000 0.200000 0.400000 6.600000 6.800000 
35 16.300000 2.300000 5.500000 0.420000 1.000000 3.000000 0.337000 0.900000 0.900000 0.909000 0.300000 1.500000 1.800000 1.500000 0.300000 0.100000 1.000000 6.500000 6.100000 
32 16.900000 2.600000 5.600000 0.464000 0.600000 1.800000 0.310000 0.700000 1.300000 0.550000 1.300000 3.300000 4.700000 1.100000 0.300000 1.300000 0.800000 6.400000 9.500000 
36 20.600000 2.800000 4.400000 0.625000 0.000000 0.200000 0.000000 0.800000 1.400000 0.592000 2.500000 3.000000 5.500000 1.800000 0.300000 0.800000 0.700000 6.400000 11.800000 
29 17.000000 2.600000 5.600000 0.454000 0.500000 1.800000 0.275000 0.800000 1.200000 0.611000 0.300000 1.200000 1.600000 1.800000 0.600000 0.000000 0.800000 6.300000 6.000000 
29 17.400000 2.300000 5.200000 0.441000 0.900000 3.000000 0.291000 0.900000 1.100000 0.781000 1.100000 2.400000 3.600000 0.700000 0.400000 1.300000 0.500000 6.300000 8.700000 
32 22.000000 2.300000 6.800000 0.347000 0.900000 3.000000 0.295000 0.700000 0.800000 0.808000 0.200000 1.800000 2.000000 2.600000 0.700000 0.300000 1.400000 6.200000 5.900000 
24 19.000000 2.300000 5.600000 0.407000 1.000000 3.500000 0.286000 0.600000 0.800000 0.700000 1.000000 3.000000 3.900000 2.000000 0.500000 0.600000 0.400000 6.200000 9.300000 
31 17.700000 2.400000 5.500000 0.427000 0.600000 1.900000 0.328000 0.800000 0.900000 0.893000 0.800000 1.800000 2.600000 2.000000 0.700000 0.300000 0.800000 6.100000 7.700000 
28 17.400000 2.600000 5.100000 0.507000 0.100000 0.400000 0.250000 0.800000 1.100000 0.700000 1.200000 1.400000 2.500000 1.100000 0.100000 1.000000 1.500000 6.100000 6.400000 
35 19.700000 2.200000 4.300000 0.500000 0.500000 1.300000 0.383000 1.200000 1.400000 0.875000 0.600000 1.400000 2.000000 2.900000 0.800000 0.200000 0.900000 6.100000 8.700000 
30 19.500000 2.700000 5.000000 0.547000 0.200000 0.700000 0.300000 0.300000 0.300000 1.000000 0.300000 1.700000 2.000000 3.400000 1.000000 0.300000 1.300000 6.000000 9.100000 
31 15.300000 2.500000 4.100000 0.627000 0.000000 0.000000 0.000000 0.900000 1.300000 0.675000 2.200000 2.900000 5.100000 1.100000 0.200000 0.700000 0.700000 6.000000 10.400000 
28 14.400000 2.200000 5.300000 0.412000 1.000000 3.000000 0.333000 0.600000 0.700000 0.800000 0.300000 2.000000 2.400000 1.100000 0.700000 0.100000 0.400000 5.900000 6.400000 
26 21.700000 2.400000 6.000000 0.401000 0.400000 1.700000 0.256000 0.700000 0.800000 0.810000 0.300000 2.400000 2.700000 3.500000 0.800000 0.300000 1.500000 5.900000 8.000000 
26 17.300000 2.200000 5.200000 0.426000 0.300000 1.300000 0.235000 1.200000 1.900000 0.612000 0.300000 2.300000 2.600000 1.600000 1.400000 0.300000 0.800000 5.900000 7.400000 
34 13.900000 2.300000 4.700000 0.491000 0.200000 0.700000 0.250000 1.100000 1.300000 0.864000 0.900000 3.200000 4.100000 0.800000 0.500000 0.600000 0.800000 5.900000 8.500000 
30 17.700000 2.300000 5.600000 0.413000 0.500000 2.000000 0.271000 0.700000 0.800000 0.880000 0.300000 1.400000 1.700000 2.700000 0.700000 0.200000 1.100000 5.900000 6.700000 
32 13.700000 2.000000 4.000000 0.500000 0.900000 2.000000 0.431000 0.800000 0.900000 0.867000 0.900000 3.100000 4.000000 1.100000 0.300000 0.100000 0.700000 5.700000 8.400000 
36 17.800000 2.400000 3.900000 0.610000 0.000000 0.100000 0.000000 0.900000 1.600000 0.552000 3.100000 5.100000 8.200000 0.700000 0.500000 0.400000 0.800000 5.700000 12.400000 
27 14.600000 2.200000 4.700000 0.469000 0.700000 1.900000 0.385000 0.400000 0.900000 0.522000 1.400000 2.500000 3.900000 0.400000 0.200000 0.200000 0.400000 5.600000 7.000000 
27 12.700000 2.200000 4.400000 0.504000 0.100000 0.700000 0.222000 1.000000 1.600000 0.643000 1.000000 1.500000 2.500000 0.400000 0.600000 0.300000 0.600000 5.600000 6.100000 
29 19.800000 1.900000 5.300000 0.359000 1.400000 4.300000 0.323000 0.400000 0.400000 0.923000 0.200000 1.400000 1.600000 0.700000 0.600000 0.200000 0.500000 5.600000 4.800000 
29 15.100000 2.100000 5.300000 0.394000 0.700000 2.100000 0.323000 0.700000 0.900000 0.760000 0.500000 0.900000 1.400000 1.200000 0.300000 0.200000 0.800000 5.600000 4.500000 
31 23.300000 2.000000 4.500000 0.457000 0.800000 2.100000 0.369000 0.600000 1.000000 0.667000 0.800000 2.700000 3.500000 3.000000 0.700000 0.700000 0.800000 5.500000 9.800000 
25 14.200000 1.900000 4.200000 0.452000 0.500000 1.500000 0.324000 1.200000 1.400000 0.861000 1.600000 2.700000 4.200000 1.200000 0.200000 0.400000 0.700000 5.500000 8.300000 
24 12.300000 2.000000 3.600000 0.563000 0.400000 1.000000 0.360000 1.000000 1.600000 0.605000 0.300000 2.700000 3.000000 0.900000 0.400000 0.200000 0.500000 5.400000 7.200000 
25 12.700000 1.900000 4.600000 0.414000 0.600000 1.900000 0.319000 0.900000 1.000000 0.920000 0.100000 1.300000 1.400000 1.600000 0.300000 0.100000 0.400000 5.400000 5.600000 
36 21.800000 1.900000 4.400000 0.428000 0.900000 2.800000 0.340000 0.600000 0.900000 0.667000 0.700000 2.100000 2.800000 1.600000 0.600000 0.300000 0.800000 5.300000 7.000000 
25 14.700000 2.100000 4.100000 0.505000 0.700000 2.000000 0.353000 0.400000 0.600000 0.600000 0.700000 1.600000 2.300000 0.300000 0.600000 0.300000 0.600000 5.200000 5.900000 
27 13.200000 1.900000 4.700000 0.397000 0.300000 1.600000 0.205000 1.100000 1.600000 0.705000 0.100000 1.200000 1.300000 2.800000 0.500000 0.100000 1.000000 5.200000 5.700000 
26 12.100000 1.800000 4.000000 0.448000 0.900000 2.500000 0.348000 0.700000 1.200000 0.548000 0.500000 2.400000 2.800000 0.500000 0.200000 0.700000 0.300000 5.200000 6.300000 
29 16.700000 1.900000 4.400000 0.419000 1.200000 2.500000 0.500000 0.200000 0.200000 1.000000 0.300000 1.100000 1.400000 0.900000 0.200000 0.100000 0.700000 5.100000 4.400000 
27 20.000000 2.000000 4.900000 0.409000 0.600000 2.300000 0.270000 0.400000 0.700000 0.600000 1.400000 2.200000 3.600000 0.800000 0.400000 0.500000 0.700000 5.100000 6.500000 
29 14.700000 1.700000 5.300000 0.314000 1.000000 3.500000 0.284000 0.700000 0.900000 0.778000 0.200000 1.300000 1.600000 0.600000 0.300000 0.200000 0.600000 5.000000 3.400000 
34 15.400000 1.900000 4.600000 0.399000 1.000000 2.700000 0.385000 0.200000 0.300000 0.800000 0.500000 3.200000 3.800000 0.900000 0.400000 0.200000 0.600000 5.000000 6.900000 
27 17.200000 2.000000 4.000000 0.505000 0.000000 0.000000 0.000000 0.900000 1.200000 0.758000 1.300000 4.500000 5.800000 1.500000 0.100000 0.600000 1.100000 4.900000 9.600000 
32 14.000000 2.000000 3.500000 0.575000 0.000000 0.000000 0.000000 0.800000 1.200000 0.711000 1.800000 2.900000 4.800000 0.500000 0.900000 1.500000 0.700000 4.900000 10.100000 
26 20.000000 1.700000 4.000000 0.437000 0.700000 1.700000 0.409000 0.700000 0.800000 0.773000 0.800000 2.000000 2.800000 4.700000 0.600000 0.100000 1.400000 4.800000 9.100000 
24 16.000000 1.700000 4.400000 0.387000 0.500000 1.500000 0.297000 0.900000 1.100000 0.846000 0.300000 1.200000 1.500000 0.500000 0.300000 0.200000 0.500000 4.800000 3.900000 
25 14.100000 1.900000 4.200000 0.452000 0.700000 2.000000 0.347000 0.300000 0.400000 0.800000 0.500000 2.400000 3.000000 1.000000 0.200000 0.100000 0.500000 4.800000 6.200000 
28 17.200000 2.000000 3.200000 0.640000 0.000000 0.000000 0.000000 0.600000 1.100000 0.531000 2.100000 1.800000 3.900000 0.600000 0.700000 1.800000 0.600000 4.700000 9.500000 
25 17.800000 1.800000 4.200000 0.429000 0.400000 1.300000 0.273000 0.600000 0.900000 0.652000 0.600000 1.900000 2.500000 1.000000 0.500000 0.600000 0.600000 4.600000 5.900000 
27 21.000000 1.700000 4.400000 0.381000 0.800000 2.600000 0.310000 0.400000 0.500000 0.714000 0.600000 1.100000 1.700000 0.700000 0.500000 0.200000 0.600000 4.500000 4.100000 
33 18.500000 1.700000 4.700000 0.361000 0.500000 1.700000 0.298000 0.500000 0.700000 0.783000 0.300000 1.400000 1.700000 3.200000 1.100000 0.100000 0.500000 4.500000 6.800000 
26 16.400000 1.800000 4.200000 0.426000 0.000000 0.100000 0.000000 0.800000 1.200000 0.733000 0.900000 1.300000 2.200000 2.200000 0.500000 0.600000 0.700000 4.400000 6.400000 
32 20.700000 1.600000 3.400000 0.477000 0.800000 1.500000 0.510000 0.300000 0.400000 0.833000 1.200000 3.300000 4.500000 1.100000 0.600000 0.400000 0.500000 4.300000 8.600000 
33 19.300000 1.600000 4.100000 0.390000 0.700000 2.000000 0.333000 0.500000 0.700000 0.625000 0.400000 1.500000 1.900000 3.300000 1.000000 0.100000 1.200000 4.300000 6.600000 
30 12.600000 1.300000 3.100000 0.409000 0.000000 0.100000 0.000000 1.700000 2.300000 0.750000 1.700000 2.600000 4.300000 1.400000 0.700000 0.200000 0.700000 4.200000 7.700000 
36 16.100000 1.600000 3.600000 0.445000 0.500000 1.300000 0.354000 0.300000 0.500000 0.667000 0.300000 2.500000 2.800000 1.300000 0.500000 0.100000 0.900000 4.000000 5.600000 
33 14.900000 1.300000 4.100000 0.328000 0.800000 2.500000 0.298000 0.500000 0.800000 0.640000 0.700000 1.800000 2.500000 0.500000 0.400000 0.200000 0.300000 3.900000 4.200000 
30 17.300000 1.600000 3.700000 0.420000 0.300000 0.900000 0.286000 0.500000 0.900000 0.556000 0.700000 2.900000 3.600000 0.700000 0.500000 0.100000 0.600000 3.900000 5.700000 
25 14.100000 1.500000 4.200000 0.352000 0.600000 2.000000 0.286000 0.400000 0.400000 0.900000 0.200000 1.400000 1.500000 1.300000 0.200000 0.100000 0.800000 3.900000 3.500000 
25 11.300000 1.400000 3.400000 0.412000 0.600000 2.000000 0.300000 0.400000 0.600000 0.667000 0.500000 1.300000 1.800000 0.200000 0.200000 0.000000 0.400000 3.800000 3.400000 
24 9.000000 1.700000 3.700000 0.455000 0.000000 0.300000 0.000000 0.400000 0.900000 0.476000 0.400000 1.000000 1.400000 0.500000 0.300000 0.100000 0.400000 3.800000 3.100000 
32 9.300000 1.400000 2.600000 0.542000 0.200000 0.600000 0.389000 0.600000 0.800000 0.760000 0.700000 1.800000 2.400000 1.200000 0.300000 0.200000 0.900000 3.600000 5.400000 
25 9.800000 1.500000 2.600000 0.569000 0.000000 0.000000 0.000000 0.600000 0.800000 0.800000 0.900000 2.700000 3.600000 0.400000 0.400000 0.500000 0.700000 3.600000 6.600000 
31 18.500000 1.300000 2.100000 0.600000 0.000000 0.000000 0.000000 1.100000 1.600000 0.647000 2.000000 4.700000 6.700000 0.700000 0.500000 0.400000 0.900000 3.600000 9.600000 
24 16.000000 1.100000 3.500000 0.306000 0.900000 3.300000 0.282000 0.300000 0.300000 1.000000 0.600000 2.300000 2.800000 0.500000 0.400000 0.700000 0.100000 3.300000 5.200000 
34 11.600000 1.100000 2.100000 0.500000 0.000000 0.000000 0.000000 0.400000 0.600000 0.650000 0.800000 1.900000 2.600000 1.200000 0.400000 0.800000 0.500000 2.500000 5.700000 
27 6.300000 0.600000 1.200000 0.515000 0.200000 0.500000 0.385000 0.900000 1.100000 0.806000 0.200000 1.000000 1.100000 0.500000 0.300000 0.000000 0.300000 2.400000 3.300000 
26 13.400000 1.000000 3.000000 0.325000 0.200000 1.400000 0.162000 0.200000 0.300000 0.714000 0.300000 1.000000 1.300000 2.500000 0.500000 0.100000 0.700000 2.300000 3.900000 
